155
119
59
8
76
185
30
138
13
143
83
150
89
98
67
123
108
56
116
11
70
146
120
75
111
86
3
207
33
52
156
46
102
12
45
165
182
151
18
106
171
169
162
112
149
48
157
80
72
110
211
88
51
73
189
161
39
78
128
69
7
206
126
10
187
199
19
166
16
82
147
145
129
200
95
32
132
215
23
104
55
190
209
22
167
154
68
29
177
153
101
216
62
49
53
50
114
195
135
180
192
4
193
40
96
99
25
213
170
61
210
159
133
197
130
71
2
118
60
79
144
21
27
214
136
63
181
179
140
178
212
127
188
35
203
176
0
163
91
81
125
217
183
14
107
205
90
142
97
204
148
173
109
64
208
184
168
44
34
92
42
196
66
47
77
65
57
9
191
134
141
54
15
139
6
158
31
201
94
100
